0 0.148027 0.680194 0.092933 0.211783
0 0.227667 0.690013 0.094878 0.271769
0 0.348463 0.726046 0.111576 0.268767
0 0.480243 0.674993 0.151984 0.289799
0 0.539980 0.800369 0.092243 0.393391
0 0.625196 0.690007 0.072918 0.169665
0 0.880365 0.865684 0.137137 0.259759
0 0.852298 0.586401 0.059733 0.121622
0 0.870749 0.517339 0.035145 0.088592
0 0.624757 0.430999 0.079067 0.177172
0 0.680545 0.423492 0.034267 0.150147
0 0.531635 0.490315 0.086094 0.145643
0 0.606310 0.528599 0.093122 0.126126
0 0.195600 0.378452 0.090494 0.159155
0 0.281259 0.377701 0.077310 0.160657
0 0.392827 0.328894 0.075553 0.159155
0 0.439392 0.294363 0.045686 0.126126
0 0.487271 0.314631 0.055341 0.133633
