0 0.228260 0.870823 0.097100 0.258353
0 0.317635 0.699551 0.109586 0.191826
0 0.465323 0.671707 0.149834 0.191826
0 0.538952 0.826400 0.107017 0.306302
0 0.517978 0.935629 0.119867 0.128743
0 0.490153 0.453578 0.096744 0.188743
0 0.601454 0.437335 0.059080 0.242874
0 0.621147 0.337552 0.065924 0.179446
0 0.448629 0.301198 0.063355 0.150060
0 0.407962 0.394019 0.064209 0.190284
0 0.187071 0.440427 0.081334 0.190284
0 0.310360 0.369266 0.071060 0.168623
0 0.351027 0.284955 0.051367 0.136138
0 0.297096 0.235449 0.056495 0.126856
0 0.323629 0.193675 0.047937 0.077350
0 0.234217 0.239865 0.041558 0.133563
0 0.266425 0.197485 0.032353 0.097096
0 0.241193 0.178713 0.035327 0.115329
0 0.192059 0.202575 0.026123 0.094401
0 0.177962 0.231542 0.038293 0.091198
0 0.180186 0.278211 0.038003 0.092260
0 0.169205 0.308787 0.035029 0.056856
0 0.136508 0.421257 0.065443 0.200060
0 0.032432 0.480352 0.060721 0.200823
0 0.087585 0.387665 0.056429 0.129760
0 0.107461 0.325479 0.050878 0.112006
0 0.143157 0.273338 0.037614 0.111228
0 0.139524 0.196490 0.030348 0.062560
0 0.130331 0.150142 0.032494 0.050195
0 0.105534 0.186452 0.030787 0.091916
0 0.082879 0.226617 0.041036 0.088832
0 0.034379 0.383031 0.046553 0.120494
0 0.035427 0.324708 0.051301 0.118189
0 0.031367 0.260217 0.026081 0.055614
0 0.050389 0.255195 0.034200 0.084192
