0 0.887237 0.429072 0.073793 0.123158
0 0.958876 0.440312 0.030697 0.156413
0 0.929788 0.356711 0.043627 0.086302
0 0.888315 0.327493 0.051170 0.112382
0 0.814793 0.398068 0.058166 0.143837
0 0.840378 0.327043 0.043627 0.100679
0 0.686867 0.225007 0.035012 0.096191
0 0.721071 0.297825 0.052780 0.123158
0 0.724568 0.238047 0.033934 0.091690
0 0.649967 0.300076 0.046324 0.136634
0 0.609303 0.258269 0.043635 0.119557
0 0.595299 0.315353 0.044705 0.140235
0 0.574025 0.403456 0.057095 0.151039
0 0.527971 0.287043 0.059793 0.112368
0 0.507232 0.438961 0.072174 0.184294
0 0.452290 0.402112 0.060332 0.151925
0 0.430207 0.295132 0.060332 0.121371
0 0.395734 0.272209 0.031237 0.084501
0 0.323560 0.317604 0.045245 0.128560
0 0.364224 0.337382 0.051170 0.153712
0 0.386606 0.380672 0.046788 0.133643
0 0.401448 0.499294 0.054880 0.175679
0 0.450481 0.568359 0.066573 0.181676
0 0.328129 0.632175 0.084573 0.213213
0 0.342975 0.523317 0.063876 0.148657
0 0.326780 0.452742 0.053079 0.160665
0 0.285394 0.424217 0.056680 0.157659
0 0.261556 0.315360 0.055776 0.126122
0 0.270100 0.376918 0.047685 0.135139
0 0.221071 0.369411 0.048581 0.138130
0 0.169340 0.411454 0.056672 0.141136
0 0.208025 0.542832 0.081876 0.187687
0 0.235017 0.680222 0.078266 0.174183
0 0.128407 0.641932 0.091768 0.184695
0 0.123008 0.543587 0.064772 0.189197
0 0.068133 0.527819 0.039585 0.151648
0 0.047440 0.439979 0.041386 0.135139
0 0.070830 0.410706 0.044979 0.133629
