0 0.409424 0.619392 0.130215 0.226735
0 0.318815 0.562329 0.089246 0.181680
0 0.196338 0.590861 0.099254 0.256749
0 0.129867 0.492514 0.062833 0.177186
0 0.128045 0.396421 0.042800 0.168169
0 0.319727 0.418197 0.072842 0.166667
0 0.282850 0.352124 0.061011 0.121626
0 0.093442 0.324344 0.051906 0.138142
0 0.068401 0.312336 0.040066 0.126120
0 0.188144 0.349877 0.073753 0.129126
0 0.159461 0.312336 0.040066 0.111120
0 0.215008 0.276298 0.056462 0.111120
0 0.187693 0.253777 0.050994 0.114112
0 0.128500 0.249276 0.078310 0.069071
0 0.489557 0.423449 0.093795 0.249249
0 0.425356 0.350622 0.069205 0.127637
0 0.456317 0.287561 0.049171 0.094604
0 0.510953 0.266537 0.065568 0.118620
0 0.586077 0.303327 0.048260 0.123128
0 0.618405 0.395669 0.061914 0.232732
0 0.607022 0.244768 0.042792 0.114126
0 0.645721 0.226749 0.045526 0.120109
0 0.700816 0.231250 0.035518 0.111107
0 0.735874 0.250772 0.045534 0.081079
0 0.754085 0.323600 0.050986 0.145642
0 0.845601 0.473743 0.064656 0.205710
0 0.810539 0.347616 0.061922 0.115615
0 0.869731 0.349126 0.050994 0.070574
0 0.927552 0.375396 0.050083 0.096093
0 0.921636 0.495519 0.054640 0.177186
0 0.982672 0.466988 0.034656 0.144139
0 0.951255 0.730512 0.097490 0.307828
