0 0.083627 0.742531 0.167254 0.340853
0 0.095025 0.290426 0.068992 0.111252
0 0.149467 0.246279 0.063602 0.139519
0 0.221692 0.334574 0.074383 0.185433
0 0.240021 0.260406 0.070067 0.093604
0 0.226541 0.207421 0.060369 0.093604
0 0.281524 0.165034 0.047431 0.107730
0 0.328959 0.111176 0.049589 0.113026
0 0.403338 0.152675 0.056062 0.086534
0 0.416814 0.079381 0.035575 0.074168
0 0.404416 0.059952 0.032343 0.091843
0 0.432985 0.030860 0.031259 0.061719
0 0.478262 0.022029 0.029102 0.044058
0 0.509521 0.053776 0.050663 0.075942
0 0.492275 0.089979 0.044198 0.109505
0 0.401721 0.248040 0.057128 0.160702
0 0.455621 0.206534 0.059286 0.109491
0 0.538631 0.177393 0.050663 0.093604
0 0.614089 0.203886 0.072225 0.139519
0 0.589299 0.278067 0.057137 0.150110
0 0.533783 0.332813 0.079773 0.196025
0 0.773636 0.241864 0.076541 0.130688
0 0.850176 0.261286 0.078690 0.130688
0 0.917552 0.335461 0.068992 0.162476
0 0.889526 0.425530 0.077624 0.218982
0 0.756927 0.429945 0.125055 0.153645
0 0.538090 0.861994 0.133678 0.276011
0 0.520306 0.639223 0.134752 0.204856
0 0.705181 0.567696 0.131520 0.196025
0 0.787649 0.740763 0.136910 0.192503
0 0.801667 0.896431 0.184341 0.207139
0 0.352057 0.195495 0.056390 0.110660
