0 0.740608 0.622577 0.108336 0.204665
0 0.822384 0.619974 0.088545 0.230670
0 0.602063 0.408376 0.077082 0.189046
0 0.540085 0.366759 0.057291 0.133544
0 0.511958 0.343338 0.046873 0.176907
0 0.470290 0.305187 0.051045 0.145683
0 0.421331 0.300851 0.053127 0.102320
0 0.362995 0.478621 0.088545 0.194253
0 0.309346 0.441334 0.070828 0.143956
0 0.246324 0.563608 0.086455 0.173428
0 0.193197 0.552332 0.061455 0.164768
0 0.141633 0.496836 0.052090 0.091920
0 0.119238 0.459549 0.044791 0.124871
0 0.087461 0.461276 0.060418 0.093660
0 0.292159 0.351147 0.042709 0.098866
0 0.260058 0.347210 0.053676 0.086972
0 0.310855 0.282178 0.056556 0.082990
